$ANSIBLE_VAULT;1.1;AES256
31623539666138666331623738656630313233353939336135316132663230353831363166383738
3531333334383036636131323261396466663130386535350a316632376238376531666236383162
62333938633237666464646330663231646461386133396366633862366561313463666433333461
3538383562613964300a356561626135313839323865393335303334636234623264306531663564
64366561613635303966373233623964613332333037643834383361666164613563303766626334
37646238633962383466303131393565626566333062656665303962396339616561623836376564
64653035363163643739363035306237373865313062356262316534623837393731383866313833
66663634363665353332633932373062353831393461393361306136353236383331666563333338
35663430303133316461663434353064336133343334383436653231376362356132366662633637
34346639336266656464613939636432376661383932336231616438616162343232323738363436
36393166643239663864306531353039636630353637633936626534633835316463383966353965
33373538316234333739663538663638333364326464396132366162336562303333373261303530
39613434363237313266303639333735343835363765356135313533663939616239613433636238
37373239653239383065663066613062336265346132373064636237333564306364626133333033
30383364316534626465343562313036336166343032626563383634393762313930326432373765
34643165316632663532376338363434626335663239656638666461313765633165303536653863
30323331633065653636663763313232646164663062303037363661653962386633353361366232
32653933666331323366656666326665376336653063326162373933643037643836666631363765
63376139613566336166666131616638366335666363356137303061393836353532326534313934
31646462623036393034373839343034336432663131303033623236396266666332353364616635
65666566656238346437343836396638313937396339613432656333366638306639623137666563
35306139343766346565396137636130356539336665393333613330653966333739633162663462
32303138613635623939616435656239653037626135363036343462393530626636643232656461
31626464383639393138646338306666626134333032376566323166633538626436653566653537
35633231303532616532666334343663343730323238386130396136316137643661346461336533
36353937663539613332343635343661623561366664353432356664383834373663396138336364
33393861633736623238616636346137333762306538383666313539303938646463386437363739
35643931643733363165
